%YAML:1.0
homography: !!opencv-matrix
   rows: 3
   cols: 3
   dt: d
   data: [ 4.1932772898154962e+00, 6.2792730989622991e-01,
       -3.2149878266687011e+02, 6.4534407656150067e-02,
       3.7322399094473466e+00, -4.4421183936650027e+02,
       -7.9418325502125288e-04, 6.9931820433763892e-04, 1. ]
